8837
3626
6412
9072
8279
3087
6109
1882
5124
7549
7659
6580
3741
5465
5737
7129
5581
267
3340
105
676
6370
2489
1167
3488
9788
4240
2940
6064
473
2623
7319
7651
5105
7146
5444
1986
777
458
5459
7770
6105
6842
6116
3722
2353
9460
8437
4520
6523
1085
6194
9174
8956
3103
7191
9711
5529
6820
8775
596
96
1353
8668
3253
9318
7031
1283
8169
5965
7937
5074
5941
4039
7778
435
8066
1747
2736
5883
7311
2280
589
3324
2141
6805
4184
6217
8713
2314
7563
7928
1544
4439
2778
927
7314
9050
9061
1013
7271
5208
3632
3478
2209
3999
5542
7925
7076
4499
3642
1469
8957
6395
7677
397
4724
546
5418
1493
5016
5406
1982
8436
4794
965
3395
4419
5268
9389
9419
2009
2996
252
5730
5556
5542
5297
8577
9685
9977
3779
5913
5697
4030
2721
3288
3145
9669
4789
6735
8854
2095
7758
8119
5061
129
3499
4090
460
6041
5788
6746
77
9149
2461
9764
5932
9251
7057
1289
8933
9515
654
6414
857
567
4596
5143
5074
7251
1370
3851
5122
7975
800
4940
9588
949
2284
1663
4711
3819
4135
1238
5592
8507
8803
3004
4675
4643
5985
3468
2528
9099
2935
7087
8801
316
6991
4370
9672
3229
4982
8189
7895
1654
4232
6633
3728
9827
1411
2438
8317
4926
5319
2782
5507
7265
875
5003
3611
2924
5787
7500
1305
6765
4094
5889
1116
5162
7193
1971
7697
2365
9833
8782
7004
5084
2431
7242
3605
9141
6379
9596
7014
8418
631
5043
2113
7866
9254
9966
2612
7518
8649
7050
5927
5445
2858
5700
7101
2675
3936
392
9971
2383
4894
6279
2585
7299
3565
2745
2404
1306
2939
9122
4206
7906
3890
5111
7861
2578
4853
2835
4234
675
2397
1678
1026
8400
6417
1192
5403
2448
2143
1905
8896
2228
1180
7135
2067
4542
7551
3927
2683
1463
7413
5938
9135
9199
7311
4482
8651
8350
6856
1945
6547
6514
8771
2607
1334
8534
7473
2898
1830
1921
655
1535
2950
8937
3616
8111
2494
1723
5949
794
3513
1715
4445
9180
7036
6433
9853
952
5958
746
5351
3542
7528
4417
7356
6827
2708
319
8880
5415
6
203
2441
6526
1579
8110
5956
6241
8014
8566
3283
4029
764
6712
8228
1708
6169
921
1222
345
5414
1569
3716
3059
1252
3341
4372
7298
8509
5733
7567
4053
7087
2513
7428
3751
6729
3367
6089
2225
3787
1354
895
6188
8361
7148
4925
9686
7958
2857
2237
1314
8844
4941
6343
3252
5545
8062
3746
3362
4177
7507
2595
4258
2823
4470
8573
1604
3331
6122
1926
9133
4973
2189
7635
5641
4016
3886
1655
6251
9734
2234
3564
6744
9805
984
2413
6345
7237
6105
7472
1829
3007
8806
5776
933
2682
4885
7220
4274
3053
5619
5379
229
8
8420
940
213
9517
552
7034
5294
5115
4301
5981
1164
627
3042
2386
9879
3807
1451
2297
3146
8777
3231
9017
6561
5388
8320
6524
7526
5309
395
2725
247
1278
4732
3585
8396
3131
7346
6812
3837
1691
6382
5759
82
634
4692
2803
1953
3159
1204
2152
1744
5615
4287
384
4058
12
344
1274
2216
6706
998
7216
5243
6404
6240
6625
5712
8177
4291
2070
6486
3408
9320
4142
1468
4065
5053
4495
7918
3965
4889
2063
7023
6664
4623
6482
1392
9144
3064
8373
9410
9905
6334
9830
6525
3436
9033
6639
446
8482
2679
4957
9114
2210
7297
6248
9171
2869
8087
1071
5449
1162
4619
1116
692
6217
6855
1104
3133
7409
3830
1615
7452
5377
6471
3605
6339
9907
1678
1727
4650
9950
4328
8789
7873
6060
44
6471
3020
4450
2538
89
1585
555
2760
525
3484
829
7753
8260
9696
7883
6393
2671
4897
3933
952
5381
7589
7343
756
8543
7363
2848
3638
2138
4367
4224
8265
9513
6341
3763
2278
2924
407
8220
987
4141
6001
5494
5076
2605
1656
8929
1380
4942
9496
9713
6494
8527
8384
3880
268
6886
3447
8587
1127
9610
5125
5327
9110
1753
4586
7064
2072
4007
1407
7892
6307
1516
9871
3106
305
6352
3465
9339
5444
9100
1810
3141
677
8773
8679
9445
5592
8304
6261
4758
4961
6819
9908
4413
9264
7533
4900
8683
4312
5569
4008
2163
2388
8613
5139
4684
9960
6669
780
79
3969
9134
6437
3340
4541
4397
7031
4943
4449
8875
1583
736
2947
9326
4241
6396
8596
8061
5060
6586
2258
495
2915
3015
3926
3632
8887
2655
8473
173
1154
8854
7558
4007
2211
75
6045
6362
7897
8414
5017
4078
2949
1608
7520
4521
9877
3037
4585
2976
7823
7149
9916
8519
7101
4571
5004
5336
5259
333
2358
1212
2413
117
7193
6117
3404
7750
6995
948
6335
6421
823
2251
6285
6214
6911
5903
4358
1298
2892
7511
2665
3297
2262
479
9989
8563
6712
6301
174
8650
62
7971
7724
718
6163
8282
9512
4563
930
8284
5637
465
7393
5286
175
423
7194
922
4976
161
6804
7442
9997
3558
778
5829
3356
6468
1509
6745
9673
5989
9450
4479
9841
811
2410
635
9027
6586
3384
97
4674
5868
4339
9165
9384
1066
8986
7796
8954
2180
935
1547
510
4086
9726
979
2692
7123
9258
1207
9555
8093
83
1097
6319
5235
185
6199
925
573
6547
9630
1026
7059
737
5081
832
562
3057
642
8104
4525
959
9565
3053
8327
3049
9857
4758
9015
7027
700
9940
869
6811
1641
9387
3544
5080
2008
4965
5127
5787
5023
7074
4763
7806
8928
1773
2264
1972
324
5749
1262
947
2330
8116
7254
5473
3406
508
7021
7556
2309
4648
1034
9271
7648
8983
9045
7638
2337
5721
9713
4237
4066
9800
6651
6034
7286
8256
6459
7959
2759
960
536
108
2354
3073
2938
7794
8620
8929
9909
4957
8321
5016
7081
5947
3579
2438
9450
9651
7938
1546
742
9112
5820
247
9801
166
4841
5647
7264
2448
1576
1992
182
9152
4418
9846
4673
6104
7027
3341
8402	