946738
967199
779569
400511
346460
774289
801
599446
85501
935702
497044
884490
59967
61634
856580
92628
196092
876495
457903
496151
668700
768665
438733
731353
514388
567799
771221
95973
504704
544044
818110
694552
725878
494129
425747
323022
383405
210061
587759
682822
888007
519207
540933
352241
670428
558277
359636
421706
463531
414579
510667
255999
384807
998256
729522
759436
25298
726735
18599
449619
449805
373211
702029
622106
854824
563973
990998
702440
946094
958457
740037
660976
824301
915263
528623
566121
480999
849972
290134
17360
671584
411159
276802
179192
375057
932409
105270
326229
104369
270156
622467
843314
470280
620456
320215
655430
93931
35265
556340
440876
688839
367746
85594
337143
778497
633522
495169
57058
978290
132127
187727
437811
39043
987699
100701
166419
886866
527449
233448
224863
912068
163015
292739
907426
637678
865441
685520
540919
939438
308398
866406
521195
529929
404983
324743
38641
234839
810023
918725
246235
821927
810939
608524
629262
374387
39143
52857
209133
532046
459692
332783
413832
214243
893599
792931
537462
151630
294564
109787
555745
44547
659370
151091
45619
850717
428347
596934
434661
777731
74248
234395
198288
571226
245652
143938
656974
733794
204929
73530
741795
146817
505535
974336
10002
345779
385081
490360
57776
128
95408
816791
523760
397622
773138
103928
231436
880697
447640
307738
710148
643548
884236
206023
818938
375744
511160
467735
1886
728199
762846
6215
307723
195653
521029
632443
423116
402578
328713
372454
181578
963475
10940
927378
830789
970474
933243
9184
16205
198614
175409
836899
663189
155144
179916
406985
195351
438581
773900
782652
444648
989990
172200
384048
619165
881695
207837
940729
809300
617533
34930
872299
745843
512586
173229
977267
992854
122380
217461
382633
501764
335871
267403
199631
647959
858024
54458
24414
893406
413840
628190
651805
96583
850451
210456
439953
468241
851230
83930
740245
484492
448248
643516
638480
149967
227455
245708
520085
606571
558486
525928
838047
413593
178379
744786
232800
376671
39695
383219
198917
9412
650725
731461
501404
555043
860112
191911
287640
859664
232460
45832
876727
828716
265903
468019
340457
507823
676084
535364
625981
887753
27171
366951
829090
562510
19981
186055
56667
736550
953382
493959
85362
698400
88411
243103
515052
625822
615392
368685
91171
142273
165112
994171
954406
245474
193644
872227
350373
763345
265009
54631
135261
913983
880860
223964
847832
773339
959896
53082
275835
76021
552499
820735
156474
460533
329848
897478
833705
769820
702943
403135
374528
440193
701588
688226
683217
144502
397323
616997
66115
271091
256265
420442
149667
642249
402831
878916
98443
639234
277708
223590
105638
478360
237880
452934
838353
370095
510400
18774
954350
691198
893815
604209
420264
798312
236939
116260
26768
135172
117339
167615
183979
825209
786810
572817
832632
51744
64191
556989
291187
915867
363332
62277
988624
638909
499239
636721
255594
11076
311214
368763
20399
84142
605041
286889
653651
234121
144056
249647
932049
178237
240719
113021
883637
208083
237905
152559
735362
684332
175170
699457
355369
783682
705476
822943
820171
143
845634
731672
318124
778114
6462
230830
314701
781471
974042
893790
869234
490368
709757
344258
932591
711767
28442
518258
800765
778454
72315
623836
409394
392992
611970
614695
574712
27317
122988
318352
564342
713817
972366
117552
517593
699602
814306
905748
61251
788710
806926
887634
794411
113730
439887
611922
750706
517646
828584
606278
780732
445696
158254
812708
817531
831399
726264
124631
985681
744880
952578
990178
167105
407815
254919
399070
181131
361863
541003
873054
999289
499027
428806
531085
214566
403478
174930
707857
885012
495681
406897
72807
702261
62757
924975
612516
417242
880953
214070
895084
357033
96456
170240
670616
239046
381683
212081
89807
290187
678392
758236
80072
716766
607664
754509
503805
457012
571755
644259
531150
818803
952184
798719
608900
853167
927766
132500
517135
182386
930783
882209
291506
84645
827656
205983
897018
701415
429852
482165
882857
362466
780707
201220
439221
391095
562476
312377
97942
326516
312301
270099
708463
143884
164741
348795
157751
279023
530409
827049
955278
601062
606847
425120
290557
78033
594561
902917
447114
68590
162447
461210
968824
526636
610645
745313
6329
768526
308630
724410
381182
401925
458991
914761
705391
71842
332507
245213
753625
736539
569601
421490
607835
330749
373881
879442
186276
460834
877393
315306
780585
868957
89519
614045
38586
533728
306206
712782
230466
844045
286144
375817
282735
820453
545398
32634
165127
568882
679164
773107
854027
447507
863451
510629
284901
706462
160700
523029
256132
904272
610545
89787
606059
641633
214128
838631
156467
485270
519563
709135
774144
581355
512761
101203
783412
750459
527307
246017
271178
62445
498143
910736
908159
822649
812719
778422
131932
781559
398898
64912
344369
782030
907850
793559
192016
445499
346263
801627
295131
498196
216037
613426
567473
909419
733514
137057
894042
501548
401334
392304
7926
355256
738703
434285
702877
51804
91335
167893
328963
911568
885632
384391
134363
42364
974911
547068
618990
477539
847612
47353
346792
776354
727284
439234
40727
556520
215042
260590
620693
656384
83289
190014
609786
602907
7351
159769
999437
105420
342400
623347
293805
496495
973536
593938
768697
587095
705554
885510
501414
99295
613875
152597
810985
459102
464732
166998
768837
988381
792989
45676
166043
770485
91324
171786
430552
865253
490200
189111
762527
211301
603761
444142
120191
49112
250420
569848
418195
929482
415558
980134
139864
186885
162711
97226
445402
830332
975455
432706
935839
272727
357281
343023
91078
965504
517349
877120
640543
357849
347492
624605
514756
225364
682232
587013
114355
782674
988129
120701
546943
309410
514113
696065
546345
639058
550479
842528
247494
136644
443083
528301
262201
723085
353312
951249
145520
354938
896822
713760
257827
286740
944044
235755
780701
294407
379038
745375
726229
467683
55425
566921
741205
783170
443597
217637
773079
81665
375924
474980
983030
863110
45488
268279
256477
808335
720999
466089
527459
308147
316168
650098
942628
658118
964987
860914
810668
528898
341860
169707
545225
250481
251829
979106
316891
613081
595885
367257
294635
303490
872072
592552
540340
503388
294734
917845
434346
506790
35641
883769
342079
641556
14703
210333
446301
627351
403643
982911
915491
21277
821991
448857
821691
432602
447544
297591
195974
181995
393749
619856
899891
786209
503017
283831
562024
834366
710452
247137
146558
737162
741524
271629
945661
408931
290996
261778
364762
34807
641570
425834
858815
598434
453281
201045
367160
537412
581919
521967
905482
268618
801354
561618
546096
377184
111637
435593
506698
907307
994135
522465
416382
321412
912900
459257
701269
435199
451391
585038
578896
213071
361405
461616
31289
771441
797095
922270
196270
902317
544072
16658
106020
46004
909787
898138
898964
739704
456146	