6344
5012
8532
9158
5507
2555
5145
9874
6535
3948
9840
8728
6245
9766
7298
8898
8717
5500
8641
6905
2107
3043
7686
859
6215
1544
3458
9422
5205
6428
4374
470
7220
8912
3765
7195
5494
8667
7069
1165
3175
749
2437
4908
9465
9552
7227
5670
154
8449
1394
8651
4645
4769
8866
850
5228
3023
4881
8773
3107
4186
2805
2776
4657
1670
9303
6543
581
7222
3241
7213
518
6900
9739
6097
6591
8184
7308
7811
7357
3987
5071
709
217
3058
4510
1379
47
6481
6838
8790
137
8464
7234
4974
6454
4446
491
3960
2113
9746
5630
6860
847
5953
7564
5159
7974
8866
5137
4387
2688
646
7900
8983
7305
4352
8494
6142
4509
8536
3221
3066
6712
4344
1268
3859
6530
4351
376
9334
3348
7084
6449
139
4857
2858
6919
1562
8984
9591
4595
6412
2964
302
8977
7820
3566
2325
248
7773
4263
2505
8884
1348
4506
4861
541
8314
7854
5521
5728
4418
2483
7007
714
8206
4356
8273
4777
8924
5006
2111
3400
4993
7382
2345
6424
8197
846
6676
2829
9963
7696
1496
9192
2753
2139
1002
7091
6442
7516
1292
6742
6472
3297
7173
4410
4140
8734
9494
639
4816
8531
8941
4148
8783
6301
3414
9035
2652
3221
1374
8987
1402
1754
4912
1730
1775
6663
2632
8474
7800
8133
4350
4377
983
6576
2783
1588
7001
2007
4089
7092
5016
8770
8664
2140
3209
3795
6552
543
8185
6127
4838
7116
438
7865
8860
5367
1723
4078
8374
8770
1530
1878
9609
3993
2447
5536
6651
7085
8261
5974
858
9739
3837
8662
2477
2367
7925
2638
7425
8030
6593
6705
6874
3032
4873
9793
9428
6145
8951
5920
7440
5776
1159
8016
3598
6224
2488
2834
8148
3809
238
7688
858
4633
2576
1456
1413
3017
2505
6015
8744
4663
7235
6085
2876
2831
1734
8355
2059
8905
8467
9941
395
1374
9762
2935
4110
2736
7608
1355
7967
4738
6870
4196
3509
3938
6880
3173
7939
4183
2898
8659
3712
8872
4956
1198
5069
7139
8956
9551
9828
7151
2698
5038
61
5678
7838
9562
8502
7504
9566
9079
3905
2557
55
2024
397
8438
4087
6888
2227
2955
8346
3215
8640
2139
9595
1312
7517
4738
6786
3926
6812
3001
8370
7361
4049
1686
5247
5507
6666
7946
9533
4962
3771
7875
5699
1555
9974
5263
5384
1430
6726
405
7256
4884
7299
9373
5408
7853
6631
1487
4166
6749
8386
7360
8229
2392
2889
4568
696
8305
4063
85
2384
1397
3823
667
9262
5786
2531
3016
3222
8002
1071
2439
9275
5448
5837
5199
6006
4940
2848
5976
4258
3876
9205
9969
6244
802
1711
2690
5173
6393
8707
5513
7569
5105
2148
375
2420
8003
2776
2941
8499
3634
463
2047
4437
9848
9862
2514
1532
6170
9432
3547
5852
8648
9694
7595
7126
4654
3592
4795
949
5383
6805
8847
1470
5554
7424
3312
1190
6817
7030
6823
4939
9593
5498
6675
9886
2365
9472
6431
2305
2420
897
8986
4657
8819
8929
7595
326
481
4747
5945
16
7059
7850
5837
8966
3619
2530
6337
2993
9956
7575
1141
5223
2128
3869
8299
4361
3846
885
7395
6652
5110
5534
812
4044
8270
1779
8272
5826
4871
2556
2207
9323
1367
1442
6553
4230
9209
1736
7413
9127
2515
9316
9382
2675
4819
8957
5918
2433
5376
7431
9036
2743
9966
2686
2815
999
3361
8114
1590
4236
3434
3629
7716
5102
6669
8081
8614
3419
9463
567
5200
6119
8121
4025
407
2046
2074
3217
6185
2690
6087
9556
5342
6007
7362
2815
1987
5095
9592
5362
7024
5899
9634
5971
7513
3174
6490
356
9141
2374
1049
1735
6472
8536
537
9859
8076
2974
5150
5149
6044
5490
8311
2610
1276
7697
8279
8267
784
1713
192
1804
2201
2616
6519
7609
782
3866
7568
162
2783
869
8996
1629
6221
4790
1391
8804
9357
2706
847
2522
3230
5804
6926
5417
300
6706
302
1003
3293
9776
4385
8624
6570
2773
734
5883
1502
6885
746
5692
8593
3235
6402
9284
5401
1485
1663
9882
2364
2800
8865
415
9397
8630
4066
7688
235
6242
2897
3965
7366
7335
1914
9059
8749
1700
8453
6244
9699
3555
3233
8782
8684
478
4932
9293
8870
3654
5788
7343
7859
8488
7441
5406
9291
621
7685
6246
4484
2313
192
2368
3959
3560
459
8928
7502
7626
8828
6811
7873
4642
7462
3495
6488
3435
9584
4344
9001
5644
9086
7252
4424
4815
5099
882
9918
6922
8254
95
4724
2721
2983
4281
1493
6314
2165
3101
2177
938
4472
3905
6705
6187
5153
3927
3377
8274
1776
5432
6265
3474
6484
7008
5942
6975
4424
6031
4839
9978
3098
9552
9965
4157
7935
1907
4944
4019
129
393
2013
4870
3534
2819
4501
9415
6084
4875
8450
77
7563
7073
3359
7206
8092
9194
5826
2947
4447
1848
2625
4518
1553
8566
2121
7135
8855
6502
2792
6578
4779
7000
5493
5906
9154
3863
2720
6212
7764
4940
612
7414
9305
7833
5085
7298
2895
5918
3380
1412
8252
4178
523
5664
1783
2463
417
1969
490
4167
9066
1278
1537
1779
2874
9711
837
2725
9981
7515
3957
9044
333
8094
651
5097
6854
7969
4377
674
3525
2394
7800
1042
4626
7273
548
8464
1516
4073
5479
8055
9220
9158
7248
131
9528
251
9157
1280
9071
7977
3438
6504
9805
7289
6819
2043
9229
3267
5245
6197
8474
7409
1033
2722
9115
6656
9378
2503
5889
1450
1019
6772
4133
4222
6923
4230
9704
6743
1437
3789
270
3231
8870
2489
2201
9690
9753
8635
1807
4391
3766
223
5265
3218
7671
814
9534
2976
8162
6631
6308
8025
4011
2455
9060
1245
8548
2653
1503
1933
8270
1299
5989
5781
4759
9002
1960
7595
7247
3812
8798
4470
3413
9132
366
1200
5582
1614
6892
90
5094
5160
5639
6424
3252
1367
7320
7399
7414
1741
6608
3207
1652
6679
6680
8999
3919
6941
1345
2566
5675
7899
4657
3546	