801
929
843
258
393
367
687
757
396
658
127
666
17
732
912
250
192
867
254
426
185
583
102
36
569
163
993
950
402
145
655
401
934
443
682
793
146
677
869
971
193
211
527
73
696
314
245
486
882
960
11
678
291
795
24
923
675
785
236
488
56
32
954
401
238
850
828
331
109
786
751
621
178
731
230
458
448
452
505
658
223
824
273
863
740
822
917
258
164
885
776
614
76
254
903
262
755
51
384
289
334
171
610
271
497
122
309
293
646
457
280
582
193
834
333
714
564
402
894
715
365
985
742
144
986
370
743
961
263
848
4
860
151
957
837
127
439
167
948
938
339
112
508
371
206
450
175
987
812
311
576
329
546
680
824
638
15
572
150
574
423
624
196
593
175
233
590
58
741
526
110
152
146
131
496
436
530
38
773
674
652
972
609
778
838
625
315
185
527
599
542
224
807
134
787
147
58
261
684
892
550
411
771
45
496
38
614
13
570
464
46
906
995
354
544
821
790
543
779
687
169
155
366
30
118
285
72
190
686
233
11
757
997
659
824
287
356
549
321
506
126
888
614
513
603
106
76
537
42
930
146
154
924
130
871
526
22
27
135
879
140
322
830
582
805
172
704
188
378
227
519
679
114
890
696
380
681
448
772
84
352
142
915
235
776
529
180
211
469
770
479
986
803
384
604
131
707
368
883
22
741
501
686
242
572
879
120
849
439
148
657
790
173
453
228
608
320
253
267
340
217
454
166
948
955
610
846
960
698
773
73
48
654
107
993
148
971
471
469
316
174
959
817
751
871
251
440
140
576
787
825
693
177
930
971
980
111
167
505
146
998
681
459
689
753
361
628
683
306
458
697
699
828
818
561
232
681
193
264
747
782
161
89
249
557
162
830
488
928
73
883
131
368
39
485
52
154
159
496
279
205
617
857
675
864
608
990
757
914
41
994
488
939
969
980
259
725
449
73
895
665
492
477
200
627
303
7
587
810
263
126
535
37
723
369
598
848
122
26
972
779
144
756
353
574
671
203
175
425
952
521
62
519
186
841
345
714
687
592
199
110
123
932
254
766
971
824
47
187
753
804
852
536
35
984
440
337
796
484
603
928
713
457
134
286
998
232
582
519
754
447
178
870
492
680
418
66
539
996
853
659
422
621
668
419
102
634
311
868
265
685
445
678
410
784
681
634
232
368
296
540
638
402
990
59
722
198
239
477
386
328
457
400
43
786
902
404
184
530
328
635
403
539
896
938
675
481
606
471
108
81
379
470
496
420
886
754
388
397
942
485
311
670
58
435
793
754
324
191
158
634
527
552
844
735
48
390
497
981
486
879
545
339
398
60
221
719
391
797
184
234
247
989
626
428
425
34
983
585
332
131
3
876
1
157
343
582
45
889
856
307
494
381
897
569
609
732
393
856
487
484
83
316
973
877
224
382
936
849
897
797
339
32
879
857
945
417
36
32
114
639
357
2
511
779
406
490
15
693
116
160
661
898
165
196
304
467
270
441
780
649
438
839
421
996
658
207
523
230
470
977
455
964
393
40
708
511
543
155
142
809
378
796
403
932
160
245
547
269
900
231
566
492
756
116
540
458
452
600
421
809
821
573
952
363
870
443
198
464
17
334
161
351
33
880
38
251
30
859
453
707
650
78
328
15
921
214
842
577
494
719
239
678
87
717
209
227
667
221
188
539
231
1
460
750
433
630
440
165
112
448
298
344
684
696
751
286
71
331
845
922
331
435
283
474
355
434
60
565
880
333
492
325
5
981
519
580
354
648
980
771
145
679
554
772
460
690
338
684
381
242
783
67
950
622
872
688
974
817
740
275
723
58
354
500
91
524
336
867
989
555
115
370
85
6
963
227
273
740
339
975
256
213
1
859
62
982
949
302
75
978
727
257
553
358
92
939
124
378
278
230
668
697
452
907
865
693
98
692
113
750
62
694
272
477
416
370
770
652
422
398
313
162
247
909
98
425
435
753
719
635
888
811
368
740
609
718
431
93
108
801
185
609
628
598
706
176
141
833
432
623
919
230
35
172
215
126
912
619
447
904
215
713
608
846
687
592
408
617
176
815
418
123
332
259
300
54
600
386
458
862
521
600
400
79
922
192
33
974
352
913
706
224
672
556
308
378
967
555
321
891
842
519
264
823
8
525
522
88
57
752
616
838
988
304
603
979
421
274
948
979
690
525
414
516
909
957
72
651
45
907
966
36
364
834
155
48
492
17
986
622
30
42
386
442
500
203
140
670
830
230
228
550
448
218
593
981
25
963
687	