8123
4753
113
2336
983
3521
5262
1425
2807
7537
5818
6890
4432
3591
2068
1363
3557
1869
5524
5077
9326
2221
8126
6544
6959
3331
9445
7638
7363
8867
1551
9267
250
2536
6777
7193
1805
8761
364
3275
6105
1172
5994
8290
5913
4060
1909
4726
5911
2058
9640
9262
7955
9330
8484
5877
1711
2392
5472
5553
1412
4329
421
8442
1071
6799
7834
448
8047
3767
4460
8418
216
9014
6083
74
5950
8695
2147
9289
2723
8129
1312
5604
7775
3666
678
3009
8245
2831
8470
10
2566
7373
1410
3074
2934
743
5477
4499
4640
121
4282
1322
2045
6351
9372
9978
2996
4834
5630
1404
8283
7327
1018
8444
8111
4187
8075
3655
9502
1220
5683
6591
2376
8692
3310
787
7696
6728
807
9181
2974
8860
6134
7763
2424
5728
2954
349
572
6670
9712
979
8105
9222
3320
2773
4245
4913
665
1214
2618
5259
6039
9584
4355
2390
6494
4834
4166
1752
1924
9598
5107
4561
6773
2630
6735
9765
818
2368
8193
3786
9285
2091
8182
7482
792
7690
6771
1705
2588
1954
4542
4416
8226
5783
5353
1460
9048
5160
1875
1989
2779
27
3527
1902
6469
2994
5562
7635
8539
9103
6722
7352
9243
8049
1799
7548
7535
6472
9326
6469
9376
2614
5147
8142
4313
1188
1667
1819
6786
9101
4157
1161
5105
6417
3877
8603
6239
4644
8024
8643
9210
1536
4858
7705
6556
6242
1874
5641
1506
3972
4538
437
3050
1398
6304
5321
8977
9525
6140
8192
5688
8366
848
9492
8738
2815
6087
5902
5710
6820
3865
6473
3447
5570
9576
3703
7187
7506
7476
2881
1717
1359
4727
5824
1917
6824
2573
3375
930
736
2246
1986
8818
1938
8925
5355
6971
35
7855
8534
5940
4509
5820
3074
5422
6059
7037
3885
6517
3400
6252
3415
1615
5335
2831
1802
7221
5830
336
5837
6102
6301
8421
5033
2525
9323
1546
4318
4704
7403
9620
8307
2749
9837
5705
2651
8706
7467
5942
7948
6514
3504
2774
539
4689
5482
7380
5669
5075
5652
2636
4814
9965
5899
4215
4564
8262
166
9808
6835
7890
2816
1143
6624
6890
9427
577
6299
7463
965
9319
2685
849
9549
1732
6435
473
8277
4146
4544
8340
9570
2985
2993
1875
7471
9892
2705
6073
2461
2584
6911
6936
1661
9518
1413
4403
3703
7015
6949
5551
1386
9542
2834
4928
7173
7834
5726
5014
661
7610
2281
1450
7841
6577
6610
3031
2900
4666
2980
7803
2338
1011
8878
2108
5859
1794
9394
8477
9996
7367
8982
3067
7514
8009
6420
9499
667
2815
9757
9437
7861
6576
3193
7059
8442
2743
3686
244
8702
1119
6371
8362
4231
8024
3390
3997
4486
5891
9501
2598
9230
7511
2448
5795
4053
9611
9785
2411
1298
2346
1077
191
9879
2358
5694
8274
2966
2322
6436
8430
5702
5850
9801
1537
4636
6247
4478
6420
5953
1318
2470
8800
5317
8557
4665
5599
3265
8504
9457
8947
7369
5949
6813
4554
3589
2997
2786
2139
1540
8598
9686
9602
2812
7915
1080
3026
6844
6578
8262
270
3402
4190
8106
8511
7380
1387
2410
5143
5189
5840
9015
9676
1168
578
46
3261
1498
2266
9841
8953
1140
5950
3744
8793
5543
7226
9872
1676
2349
9045
610
7540
3366
4929
6257
5866
6634
9183
8005
4851
6998
3215
7938
3243
7198
7598
5250
4405
8953
4879
5273
9286
9921
4811
5624
4770
5362
3537
2274
1911
5153
9432
1759
3754
6854
1364
9798
1775
7050
6360
6862
8171
6101
1556
3183
9137
1854
4474
4039
9037
1701
5907
2793
5840
1907
6476
873
4089
5049
4045
8353
2372
7109
9
8853
6863
3289
1542
5629
8852
1394
4533
739
9013
7983
4821
7338
7090
9089
3336
5432
5494
7532
100
2205
8283
4420
7297
811
6392
7587
7675
5302
8151
9296
8736
7010
5956
1945
6321
6226
9846
6473
9306
4047
8572
973
6638
6075
6018
8479
3210
2935
2158
515
3058
8106
341
564
4694
7182
6724
1494
9676
8151
6435
560
2856
6550
7269
4932
963
9685
7302
4941
3883
5817
1383
1505
2178
3897
6622
9770
7213
5239
7829
4814
8599
3119
7342
4345
5170
1878
4660
222
5772
4668
9210
4635
8684
5492
5304
4188
5729
1163
5559
916
9390
961
9791
2733
9457
4833
5639
4607
855
2477
3745
2436
1747
6174
3608
4384
2843
6605
695
2319
7456
4798
426
6851
8789
4000
2275
4253
212
6726
3151
53
9709
4478
424
957
7880
1444
4172
3114
5630
4114
6472
9646
5713
3055
6539
3235
405
6670
1470
7406
2856
4254
8821
5806
5591
2374
4812
9714
5375
5148
1053
4183
1517
6210
9274
4097
6375
7920
948
4591
4223
5547
5953
9841
2711
9667
2117
4967
466
200
55
3842
9992
7488
1511
3231
5743
5500
9795
8559
8745
9026
6172
1813
2549
9326
2218
5219
7192
1415
6501
5496
6116
7049
7295
8896
6365
1577
1432
1639
7415
815
3961
3868
3241
1575
430
2363
3161
837
7693
8631
5955
5185
8705
2412
7933
9604
2902
1044
7511
8025
5966
939
3112
9933
429
4394
4375
9936
9775
7419
1151
8443
3004
4422
1295
5125
5113
1205
3477
808
5411
6483
8256
6624
9828
1168
2085
5527
4031
7888
7797
510
7063
1208
8031
2465
6073
2749
7790
89
6009
5989
579
9735
8037
4938
671
6163
8445
347
143
5377
9307
8674
817
906
3306
1807
7648
595
2230
3883
6757
6650
2909
18
3770
4126
9444
2374
7881
9208
1427
1292
7722
3736
9049
3941
3630
8181
8636
861
7752
4824
457
3547
8748
6344
9780
9074
4388
4679
2697
9717
8706
2555
4720
8113
2672
7892
6031
8137
46
6284
4134
5322
1049
9591
9236
5837
3915
7431
9251
5811
3758
532
5261
2006
9927
5651
2123
6148
368
3838
3375
4503
4475
3985
5144
1504
2760
2250
7803
1670
3131
6582
2709
4707
7601
8748
5351
8439
6973
8035
7077
6524
2372
7784
4764
682
6173
3925
4029
1980	