919
8414
3584
6554
6010
7580
4305
9049
9518
2679
8994
240
1057
1973
9033
4285
2602
9288
7834
4025
1723
182
6779
1212
2407
1953
932
6213
4307
9029
1408
7862
9596
7003
3867
2546
5895
4179
3981
5932
460
6805
577
6492
8845
2533
6072
6641
4345
4930
9497
7214
78
2540
9916
58
3364
8598
3541
7284
6707
8552
5401
8595
5407
6204
9662
1160
872
1382
4470
1120
81
7902
9385
1942
5937
3596
9342
6324
6450
8685
3195
5475
945
6326
2929
9796
1833
8544
7542
1530
345
6661
6140
6860
1135
2466
468
1088
3434
1803
5205
7457
4376
5991
5623
6512
279
1939
3278
32
8972
9425
5914
6883
586
9621
9040
503
987
1195
8123
6711
6062
7672
9964
7335
43
3134
4263
1622
5687
6109
3413
7836
5447
5657
3202
1040
3193
2203
1901
63
1618
2045
4107
5202
8676
9549
8443
1509
35
1327
15
1266
775
5140
6802
923
2196
9019
3767
4356
9548
5057
5653
628
6387
7976
1007
8341
8065
6458
1103
7026
4782
9690
9075
1195
6517
2432
5297
2748
4289
6076
2285
5875
9654
7017
1285
3051
4365
3172
5786
1159
9148
173
4780
5600
1234
3658
8761
255
4737
7954
5306
6400
5992
2556
53
4636
215
3099
2577
6341
1670
255
8703
1546
8660
7439
791
1871
4439
130
5606
1020
4734
636
8640
5980
9198
793
2335
5167
2898
7365
7649
1988
9026
6116
7090
7646
8465
6081
2218
4141
3411
7885
6413
1323
6183
6009
8686
430
3194
6056
2498
9594
8779
801
60
4988
8371
2482
3537
4940
3874
3016
2704
8343
1115
3086
1155
5169
330
4889
9065
9133
5994
5711
2556
8562
4328
9505
9185
7014
581
5436
5900
2710
4682
2544
1021
4638
7547
6120
9828
6462
3692
1820
1604
6029
6617
4129
4820
3919
4789
7771
5022
302
3063
8229
8816
508
3301
5512
353
3530
4397
3037
6064
5443
2716
9102
1112
6151
5087
6449
2431
2307
2757
243
9032
6732
9962
8573
1068
5666
6200
4582
2038
214
1721
9773
4342
4293
661
5041
6782
2640
3703
7871
7303
4561
2867
2352
71
7876
9393
8779
9279
9701
5142
4289
1462
6996
22
1956
3569
1721
8033
3178
704
2166
177
3385
1567
3827
2768
1207
3895
7593
8942
1969
190
2562
5814
962
4249
4833
3801
684
6567
754
4298
1195
5011
2734
7620
2861
8266
6650
4286
4800
1988
3716
4112
8731
18
4743
8492
4385
9576
3314
7866
4811
4449
1758
2397
7871
5185
9168
3718
4555
4923
1506
9809
6492
1011
3658
3710
361
2188
2723
7681
929
5062
8135
4453
9305
9787
493
9912
6229
4863
7929
4432
2238
8926
6192
2747
2631
9035
4658
9066
3198
8829
4852
6493
2817
9789
9634
6350
1154
3876
186
1124
9473
3605
5814
6009
1756
135
5512
7040
8983
9356
9798
3310
7731
1670
9584
1537
1851
5958
6104
1439
3018
6330
9995
9304
2903
3664
8706
2283
2626
7291
2917
7785
1299
7650
7055
385
756
5976
7732
8122
9517
8085
9768
3227
1390
621
5843
9451
3486
3156
7169
6845
9590
7347
3949
6323
5127
6451
7795
4660
6431
3174
3587
566
8251
7264
8681
6861
115
9167
8556
8119
2459
2855
6020
3396
4508
2357
9859
2761
7515
6304
2263
1677
3537
3683
4330
2780
1605
6248
7164
2135
5806
4419
1833
2053
2742
3593
1269
2608
6283
3010
4740
2680
9272
2162
2670
6144
3346
1292
8537
3823
7923
2520
1412
7779
3657
2681
5368
7066
1740
640
3967
7417
8843
9827
1294
2178
5369
9281
5346
9818
2765
3697
9046
4238
4236
9075
4597
8218
2138
234
6440
3910
8326
9339
3797
5480
4822
6690
2434
8537
1738
9477
803
6280
4679
4007
9261
1600
9289
4450
817
6099
4445
6912
8206
8079
5619
8192
6219
5865
8614
723
4650
9426
8368
9684
7116
9500
8400
3785
1626
5993
7862
363
4253
1953
7668
2748
6843
5400
3876
8815
9495
6281
3055
2824
1971
4006
5816
1952
7310
5911
3999
8509
6624
341
7952
8337
5705
8168
6442
8857
4147
2086
3198
9943
2255
5315
1595
5244
7624
2517
3596
1201
7260
2702
3449
2436
4148
7692
8235
4729
924
4642
1727
6942
9349
871
1056
666
8293
3142
3232
9150
5676
6237
4605
5282
9446
9865
2418
7905
3664
6958
4611
4225
2133
6095
8967
6623
324
507
6098
411
3997
5271
7132
1700
1474
5981
9435
7215
3852
513
468
4966
1653
6752
7754
9288
3147
5907
7495
2408
983
8706
3409
1494
5581
5942
401
9813
9234
7959
8534
7345
4628
346
9536
3193
2830
9985
7487
141
4438
1698
3700
4768
2665
8106
127
9882
7711
4632
8281
5601
508
21
7921
923
830
6212
2030
3627
9125
2589
7091
5004
2490
8854
7620
4879
8800
2514
1556
6983
9258
4548
2250
6680
7808
7610
7538
875
7128
1730
974
4531
9782
769
1811
9302
7650
2050
432
5001
3760
6103
8731
7023
7198
8575
7089
1091
6014
249
4559
5440
2684
6710
6669
5372
5733
7022
674
8991
1753
7360
7221
8912
4813
6057
629
1391
6173
2972
1138
9985
85
2578
8039
5870
210
7346
1996
4529
3948
9826
4476
4426
1374
3111
1819
9197
8713
5183
4777
9768
4288
5807
5191
1000
61
9108
1096
6738
5469
685
1973
9575
8147
9570
6113
2414
5520
4142
1914
6037
2028
9278
380
6776
1881
615
3637
8109
8274
9034
95
6400
2992
7733
9832
276
7259
6927
9150
3809
8818
9878
5159
3091
1212
7879
9132
1789
1348
2356
2214
1860
4132
3565
5487
8435
9265
3416
9626
6841
7494
1591
4950
1129
7601
504
8734
6389
5405
6424
1718
53
3232
2573
2647
1310
4585
7272
4493
8935
5521
3557
1309
7615
9745
8967
4930
9855
2417
3260
2482
8235
2072
4994
6110
4105
9130
8973
7377
9504
1402
7826
1098
9427
9571
3563
6518
94
43
9823
7425
7709
6770
8007
3689
8235
8709
1085
533
5854
124	