6556
476
3590
5459
7200
2986
8794
8025
8143
4359
5983
8038
8647
110
6241
4620
6042
5852
5346
8734
5068
9059
7008
3895
5034
4871
590
5068
5541
684
6130
3709
8260
9877
9381
5531
8643
4215
7209
6132
4796
5313
3646
8065
1629
9960
6829
7342
6255
4373
1746
3175
1713
3775
9439
5726
2403
706
9488
3916
9067
6752
3690
6085
1905
1468
4430
4875
398
9199
2440
3253
9631
9071
8152
6624
6860
6290
9106
9533
6041
5621
2009
6294
6122
3936
2603
7609
8926
284
2289
8513
9844
5238
3954
9795
4373
580
2154
7359
2380
4765
8550
9621
2969
2606
327
4739
6094
5713
3552
6795
4873
861
1926
3204
5605
177
3300
9406
7235
1130
633
7735
2101
2250
542
1827
7789
1183
4068
6491
7930
6841
4848
1051
3429
325
840
9165
9971
5262
2063
585
673
8603
7946
3460
8769
1485
3663
1264
513
5382
4925
5953
7863
1722
8989
1160
1152
1063
2585
1543
213
3786
4694
9791
9949
7071
6785
4458
4456
2676
7686
3786
1438
7541
5466
5900
5052
2222
7356
4443
159
2459
7607
7486
7439
7940
4287
6822
8533
2823
4437
902
5660
1496
1831
5823
2153
500
650
2716
9995
9344
6455
861
9258
4056
4566
2804
1800
3507
3807
8006
7505
4063
9145
1764
5122
3485
773
9822
5224
5767
9564
4366
3897
5772
5833
6794
5660
1921
3895
357
7583
1485
350
552
848
2660
1145
6933
748
5556
8412
6838
7565
2283
2518
9835
1525
5483
9113
6612
3194
1049
231
8111
9118
7195
619
6099
6150
7397
5680
9415
1379
2337
6432
5416
1330
9518
6738
3753
3313
9072
2080
4969
1789
3544
2536
1120
278
6344
9190
5708
652
4608
8374
8424
5448
6893
5817
4925
8889
9666
6070
1599
2207
7947
5913
3478
231
6351
6093
2698
5688
8150
1881
2560
5675
7992
1482
9751
4311
7364
3541
7911
2889
5855
1121
6581
1683
8292
4358
9789
964
3603
498
1866
8521
6847
4772
5849
305
617
9314
2309
324
4382
452
7213
1527
9791
7070
698
4739
9271
1477
4141
8246
3148
3876
194
4623
9268
9019
4015
1838
1921
5107
2416
8079
2469
8497
473
4383
7697
3264
5979
8836
5604
2409
3530
9351
9430
9570
8312
8019
2718
8541
6384
3118
6184
7711
9431
5209
3861
3282
7777
495
4496
1881
7832
2282
3438
358
1612
884
463
8493
6350
6302
5360
2526
6831
9432
8428
7686
5470
2491
3987
7615
9823
2818
7195
7980
9763
3424
8784
8631
8170
8627
8092
4967
2226
9081
6774
154
8347
4577
5752
2817
6468
7879
6225
8292
6112
8423
9601
4985
9113
5061
584
8194
1389
4185
778
8759
349
4809
3756
5959
5319
9562
9324
2340
8746
344
9299
5768
5318
3715
6232
9749
9577
3082
9372
3601
8184
4840
7933
1070
7772
3091
4418
9496
7031
5840
6483
4603
7269
2162
967
9700
8638
8018
1164
8304
5884
6307
5900
2567
103
1139
8853
5067
3473
3486
7691
9643
5358
6002
8833
3863
8975
1130
229
254
6686
912
9366
7596
7289
4359
3665
7483
7819
9378
1852
6287
5516
9429
6041
9907
6468
9867
6615
2186
3942
2882
7867
3991
2050
1860
847
5281
312
3617
3400
3168
931
9434
2782
8450
4380
4714
6390
4990
4807
2134
9589
3192
4456
1115
4698
9814
3475
3179
4556
3892
5728
6335
7090
6268
1650
5950
1812
2774
1531
1867
3433
119
3834
411
4805
5046
1853
4431
1145
7677
3039
6016
5278
2313
6154
7081
6000
8039
1102
6038
1373
8411
4927
9958
7514
316
3541
8464
4747
6575
5186
9696
5326
4480
9154
6384
8821
2161
4504
6021
3796
8655
4331
1958
4333
2309
1971
1977
9608
334
8676
3157
3803
1399
1077
6429
5646
4205
7258
686
9011
571
8836
7
938
5778
8587
7323
7635
5634
3586
9104
1695
727
7783
6923
4369
9862
4248
1400
9202
316
5626
5097
4756
1507
3126
8006
2257
2993
7585
6875
4871
3647
3089
4335
2758
5348
8581
8730
6727
6863
1570
1036
9052
3589
7526
622
9097
7728
5894
5451
9955
2521
6391
4517
2959
2073
7208
9978
4975
1000
1972
5669
9327
3477
9864
255
3816
911
5244
9571
3019
798
538
3158
835
8468
8850
4182
8056
7955
6363
6442
8232
2419
2618
64
3136
5584
5041
9598
574
5031
5593
4101
2588
7091
3560
2380
1568
440
322
1193
1779
2788
3020
7318
9020
5715
8479
1031
8138
3201
3190
4320
7505
7663
6014
8943
9722
2317
8214
2558
5181
9040
4748
154
7727
3571
5586
6742
8629
534
6796
178
6050
3039
4839
1311
9574
6859
2439
1561
6801
5793
7785
499
3572
8411
508
7236
4865
6288
3057
6053
7870
480
6419
624
5792
4621
6484
577
2752
7429
8693
2478
6241
1366
7087
2289
6608
9487
7784
6039
9673
7391
8817
9333
77
9015
9376
639
6747
1329
3690
8496
4182
3382
6069
5158
8986
9054
6841
3966
1413
7029
9020
7598
2431
5921
1994
3696
9487
6188
2040
3145
6650
6404
6342
3596
9888
725
6605
6632
8700
5174
4578
4661
4265
5287
4573
2483
9476
8835
8228
1969
3594
4261
8541
7885
3479
3350
1833
2606
1812
3329
5420
1006
7080
8522
3447
9996
9736
3604
3223
9335
4928
9831
5274
5507
2965
56
8169
7478
697
7395
3958
8639
9747
5840
5949
6510
8828
6757
1762
7452
2059
2140
9341
8129
3055
7501
6992
2938
6317
2315
5823
5100
6256
8446
4829
8739
1788
6925
2239
6798
5102
5479
9991
5205
7440
3135
1179
4613
5524
9807
4015
2319
9243
8096
8949
5550
8381
4802
7154
505
5130
7398
3018
6463
9733
8228
6724
2764
3795
1861
1703
1678
865
3149
7052
478
7086
143
7627
8816
319
946
391
7874
5099
8883
1775
8379
9347
4176
1611
7730
373
5649
1267
6278
2354
1063
8055
9372
5025
9647
5458
9378
2928
3915
1189
4456
12
9193
4863
3433
6632
1342
8720
5565
9873
701
2524	