767
225
932
268
868
230
508
504
178
153
74
881
882
560
375
570
896
467
98
872
723
617
864
733
134
553
416
41
241
508
545
228
827
286
824
36
393
114
356
30
555
152
486
704
786
824
244
516
925
371
610
574
993
130
170
170
982
901
646
498
944
241
399
628
376
39
419
368
659
70
899
28
955
442
947
828
906
19
596
207
872
332
394
516
183
409
548
624
380
180
810
437
232
803
962
145
864
98
376
557
847
863
460
178
445
98
826
884
731
847
257
182
752
574
806
984
23
25
381
13
341
403
738
609
820
101
709
688
952
508
300
352
202
761
131
122
927
678
84
816
910
626
285
636
874
581
535
279
508
277
329
762
939
543
251
947
840
148
144
778
334
927
91
614
257
632
253
323
926
496
129
289
921
236
49
372
842
937
341
646
387
618
283
284
721
13
886
291
961
54
837
995
589
807
926
570
669
92
83
330
457
1
425
284
105
428
33
128
599
590
781
305
424
39
894
313
629
105
150
255
165
875
574
635
533
206
37
977
155
362
301
748
409
580
590
714
569
265
291
221
120
522
914
524
990
624
343
722
197
640
120
59
649
530
522
822
164
960
361
785
923
782
89
263
696
649
562
410
148
62
630
264
525
539
54
632
811
125
508
94
799
715
364
640
269
947
288
271
857
275
368
890
956
38
50
556
98
769
755
552
778
367
537
735
87
675
233
136
387
367
623
443
94
576
275
713
618
667
961
685
984
766
943
277
152
816
546
0
144
104
887
34
780
959
598
860
523
2
719
498
380
941
668
844
899
423
493
984
374
864
382
900
157
974
542
358
997
268
757
184
336
728
672
394
992
773
225
854
928
66
464
708
240
410
80
990
615
75
805
47
767
2
111
835
430
148
591
875
205
486
658
128
805
313
974
88
47
84
607
94
693
560
768
498
298
856
173
933
765
518
968
308
600
903
515
6
551
832
557
674
561
627
658
632
766
403
16
20
124
771
265
234
791
149
176
998
561
898
647
464
719
476
514
79
781
796
70
810
598
610
305
798
449
291
529
256
844
878
36
850
843
268
547
531
15
617
240
226
971
4
414
434
399
76
343
359
557
447
964
153
79
171
175
931
65
957
315
415
764
481
285
850
90
678
459
995
527
817
978
536
548
461
277
412
2
657
952
939
29
859
150
819
724
365
171
230
393
217
73
370
661
134
176
653
969
12
703
813
832
288
643
9
29
900
499
877
926
904
677
1
224
465
122
598
434
721
3
487
114
57
707
335
942
682
878
407
43
243
887
81
989
336
417
828
861
573
957
765
474
82
796
405
335
920
198
383
228
730
798
170
115
4
869
583
273
663
294
662
659
43
330
974
252
954
109
764
968
183
560
595
724
419
544
439
863
473
722
252
952
647
739
544
632
974
197
345
232
654
708
853
393
811
740
721
519
161
975
789
424
572
85
927
961
77
412
166
164
297
717
732
477
605
363
896
935
962
605
799
965
947
227
302
644
600
780
279
125
639
371
709
851
193
531
661
487
563
36
402
829
359
311
615
71
648
924
770
407
111
981
178
182
78
738
203
332
505
58
109
298
95
476
53
250
670
475
879
151
854
783
947
348
626
806
869
564
873
366
349
504
917
181
907
706
232
405
662
368
59
796
643
707
561
669
462
353
562
689
734
351
579
421
66
274
471
96
125
345
684
996
588
646
509
549
372
980
576
571
22
0
959
748
856
763
41
527
291
153
658
600
102
603
184
609
903
8
618
885
899
296
732
362
814
79
677
324
327
468
981
201
91
215
784
238
772
515
671
56
226
648
882
325
147
659
673
543
477
32
838
147
387
862
363
607
439
883
756
308
31
161
85
132
529
890
198
394
158
945
852
463
36
812
232
747
251
457
894
468
907
552
115
836
437
469
573
505
833
320
785
568
941
257
387
662
874
439
547
27
618
457
341
662
0
481
372
472
784
603
206
320
292
870
252
73
313
185
171
340
376
327
847
454
170
870
637
207
768
127
23
637
894
206
6
575
515
928
604
784
486
878
841
625
962
217
305
913
720
97
468
961
361
872
565
120
647
297
99
106
262
398
371
806
215
172
567
197
936
134
823
849
182
433
339
928
114
588
940
455
30
883
426
892
680
549
747
575
23
195
269
694
29
590
937
784
658
301
163
764
568
556
967
971
877
230
338
37
918
618
756
807
223
171
709
280
452
720
741
572
28
956
802
546
33
959
937
522
324
243
779
983
497
147
151
809
36
139
806
864
594
957
771
41
494
581
308
646
425
235
846
961
626	