2724
1584
5319
3342
7309
5319
1871
5598
5426
1393
4088
6303
7550
5044
7670
3897
1244
8814
8085
5124
8396
7939
5612
878
2213
3240
51
2482
9527
9404
8241
5226
2440
4271
8254
8534
1722
4014
5033
7849
7685
8205
8141
1275
9938
4266
7702
4328
8589
5839
5742
1159
11
9106
6314
3400
376
2904
5756
1778
1268
1993
9667
3304
754
2739
5381
9456
1969
8914
5212
1131
2385
5991
2666
2039
8570
310
3530
1929
5498
7534
8921
6059
5495
9273
3680
5663
8460
5745
3766
907
4533
5553
2073
1
7624
621
9073
5183
6083
3769
7089
1595
5513
7249
5580
2392
6415
478
1434
4504
9858
3201
6364
8117
5922
7416
6053
727
1487
7019
1127
3600
4978
8527
8192
3486
880
762
3632
7473
3122
7841
8933
6867
8001
9855
7098
9121
9384
71
7503
965
3250
2896
994
3497
2866
1964
3831
2560
2370
3015
6572
8245
2486
6781
5361
2630
1530
306
5795
6651
129
4032
5354
8609
3352
6337
5062
2604
2404
9398
2221
2589
9530
3884
3826
4356
3193
6048
1622
3791
3083
1195
4333
4078
385
1751
8438
3077
4259
6086
1380
8791
4622
6673
5680
3125
8510
8087
1223
4012
7003
3970
6505
6225
8845
5507
3124
8206
1274
9984
3033
997
6766
5180
611
1204
6954
5204
1210
2441
8468
1241
2870
4254
4372
4497
5890
848
3069
1660
5025
1462
2217
3463
8214
2557
773
8800
5103
8910
1552
8433
623
2287
7821
4754
6642
2026
2020
2063
9973
4700
7359
4024
9179
9768
7234
7974
8292
1337
4815
3430
7855
6107
427
2192
5288
1108
5140
485
4588
9744
7922
3627
2684
7427
3632
849
3726
4702
5211
8287
8273
1978
5563
9634
4048
5641
6192
7951
9256
7250
1440
1152
5893
14
8407
6765
5320
2327
8360
4294
3961
7197
684
876
479
5421
55
5623
221
7587
5902
3197
746
9271
3875
6138
6819
4989
3484
5241
1373
3628
2487
2112
6648
9629
8031
5859
7143
7781
6623
5784
1526
227
6852
8697
4123
580
5525
6301
8852
2578
861
8159
8000
8967
3181
4916
9211
3400
6772
7470
402
9277
4967
3906
4444
6014
9399
9778
7126
2271
4352
3357
4555
4801
9913
4928
9335
3574
4441
8471
3356
5541
8582
409
417
9456
5325
5169
1313
5443
6399
9807
7016
6542
8707
9751
7830
3776
2987
2180
7399
8113
117
1597
7127
9740
5219
7745
4412
1389
3748
1081
2031
5914
4198
2865
1365
3051
1933
2671
6815
5550
6729
2498
1583
9681
2432
5226
7035
5321
6144
211
2063
4467
6958
7359
3436
8405
2920
8123
3216
9433
3431
2034
6664
2161
2586
7076
909
8580
2493
4922
636
6187
97
1030
5910
8295
8678
2504
3552
4389
7122
5255
3198
5086
2107
4864
2455
4184
8656
2804
5518
2750
3749
6736
1630
3536
8016
9760
9846
1470
5040
6791
1482
4993
9933
7019
6726
5905
6987
1839
7536
2410
387
3338
8322
1782
5572
6015
5227
4872
1338
8774
3518
830
5753
6143
8202
194
8063
4405
7539
4411
7902
4558
2285
1529
938
7763
2247
7274
8750
9805
650
7119
5118
1194
8564
4950
181
4520
617
6633
6604
8837
6052
623
8309
2169
1970
677
4111
6376
2377
2320
4483
7150
386
4016
6902
4301
9618
213
4595
1876
9690
7020
4740
2893
1783
2700
599
3823
4173
2846
7708
1429
1021
7251
5988
8777
7289
5760
7460
1722
1525
4606
2113
5706
204
1238
5665
8347
3090
9193
7925
7422
1300
1228
4200
4609
1772
7704
2453
1438
6886
3457
8093
4458
4846
8113
1312
5574
6467
9353
1271
9688
1527
9737
9024
5182
1970
9807
3138
1704
1187
7586
4990
9398
7924
8549
6835
2843
9368
3502
8971
752
1652
5428
8048
3289
6904
3858
6282
9326
8041
4660
9632
9891
5167
1314
4066
1740
462
8503
5209
832
3650
97
6456
1736
6137
1588
5646
6961
9968
5471
540
4838
9712
8020
5780
7002
2131
8829
5883
9265
8467
7490
8380
5748
9477
5496
4971
5814
3020
5319
4368
1141
5944
1313
7126
3131
5787
6753
7176
1494
8099
2792
540
350
794
7302
7926
7325
5471
9750
6910
8155
4741
2783
273
2990
1635
4965
1224
7361
4919
9614
5558
2905
212
239
3066
1008
345
8863
9925
7159
4672
1045
442
5228
8642
7393
3800
8494
2330
453
44
1833
7927
3718
7294
2566
2816
7233
545
4903
5199
7815
995
477
5508
3060
1878
2007
1314
5616
2724
7846
5608
7829
7
463
4302
9817
1020
3875
151
5152
1915
3980
7351
7766
7739
1770
8869
4122
6673
5126
8653
5712
101
7608
9923
3257
4699
6804
808
6371
6780
4337
2359
7482
6858
1327
9694
49
5403
62
1911
5085
4592
6414
4047
388
7562
5532
5618
9379
1851
8624
3151
2946
9244
4684
2641
3659
3207
7882
1940
9527
3688
1113
7539
5787
7294
6171
1187
1010
7924
2418
2499
1474
6147
6972
582
6715
9976
7332
6858
5963
8474
8969
2431
2060
4417
2213
5995
9734
2784
7559
8078
4427
1661
9058
7189
5614
3899
8438
3584
7715
4634
3146
5920
5459
3606
6662
3562
5638
3114
172
8368
7959
6186
8114
2840
1
1109
1289
5843
5687
3473
1873
7216
1370
3461
2585
4790
5704
8839
1265
6702
3921
3217
984
3150
6810
4390
5449
1165
6507
8447
7316
1220
1116
725
8213
9710
8043
9739
7855
9185
3929
3483
2252
9325
1406
2578
8670
9136
7216
2903
1476
6026
6209
3889
1418
6841
8258
7466
1530
4234
8957
329
5560
1879
1693
9532
6839
8925
5913
785
2485
274
9715
6208
1071
5138
3692
7113
9009
9318
2010
5144
1191
9881
8100
5047
5084
3159
5334
423
5914
4730
7350
6106
8042
4658
4390
6222
2751
3708
5200
5978
8525
8313
4105
9990
2129
8557
8196
1306
2470
5571
474
3673
6120
5528
7153
6438
9634
956
3358
4762
3349
1883
5676
9180
4514
1555
3360
6712
9113
1114
2345
3426
1046
7446
8967	