5089
3321
2223
8530
927
1774
6928
6301
331
3377
5735
7820
1747
5568
6729
4760
6733
495
861
8571
300
6026
9067
8812
159
1875
8319
5494
4065
6643
8396
2060
3331
2157
1290
2781
9136
4771
8038
6500
2842
2497
7934
6081
9908
2048
578
4668
2773
8255
2802
1326
7220
9624
5894
3120
7737
8759
8078
5537
6730
3617
7101
4130
803
4515
8037
5285
5622
7192
1947
4848
6771
722
5746
125
2352
6819
4986
3927
4530
5520
5975
2161
605
667
8812
7659
6725
8168
1284
3802
9210
3756
6535
7278
938
462
5853
4177
2204
9611
3542
4932
8084
3095
9243
246
1722
7968
5413
3185
4569
7423
2892
2395
9405
5750
8015
8084
1565
9276
5174
6397
7506
1959
2780
6197
7739
2184
5877
9203
7154
9471
2467
6334
8058
6381
6384
4798
4756
9811
4405
3709
9406
3839
9285
5945
9799
3883
8131
6924
2774
2874
4956
7142
8795
3773
4419
1502
9851
4497
3224
1188
533
1159
7474
7176
5124
6551
1286
4398
130
3464
2685
6688
3546
9746
8036
212
5550
3944
4776
7923
2546
9749
507
4027
2134
3191
3969
1758
5124
5824
1180
1247
9931
6720
2649
5415
5955
6724
1146
7901
153
9352
4123
6355
3115
2489
4771
6207
2411
8880
4087
7491
1083
2108
5299
4598
5140
38
7300
4817
6406
6526
64
2103
3575
1375
3482
8931
5134
2741
3773
4958
1895
3076
621
5955
5064
2640
743
8286
3805
5765
4737
1783
7871
7282
2302
7938
6259
7731
5854
8817
4402
9473
4426
1683
9800
4187
1185
3814
1014
8059
399
5207
1873
4678
3800
8713
7385
1582
6274
9288
2142
4649
6212
5048
7526
2701
1900
8189
4546
9616
4184
2473
2695
7366
6265
1929
9221
2365
2349
9958
6663
6314
2069
4516
4008
4246
1787
4908
7626
6535
9483
7950
8288
4378
6288
4811
2149
267
7715
1307
6201
9962
9426
598
179
5719
9234
373
3233
9990
1403
5210
19
4619
3042
9209
924
8460
9993
5020
4026
2872
461
7413
3905
3970
9825
5210
4353
9597
5468
8291
2640
4362
3936
6166
3998
4516
7508
9072
216
1424
4764
6842
7007
220
7374
3939
9119
9777
2043
2613
2624
1216
7045
4733
3616
448
1213
6005
461
6446
9988
3484
4184
5934
9181
6812
2528
5257
2172
1444
3433
1985
6697
2902
1267
4722
5372
1412
5272
5491
8032
2953
9519
1437
1794
8473
5672
9921
8458
6538
2608
3754
6606
527
3043
1126
4697
3159
9222
3038
3804
93
4297
7441
3997
6250
5829
6596
9625
6851
7289
8339
6088
1314
8283
9864
6391
1403
9403
7179
1505
1471
1724
6736
3141
4110
8095
1907
4821
4710
5275
3031
8304
1957
6735
3091
7023
7907
2972
8537
287
869
5491
276
8952
519
1144
6744
560
475
6974
4839
9614
1574
203
8925
5757
8390
928
5785
6940
7938
741
4756
8202
2656
7902
7984
8184
624
1570
9884
2495
7764
8245
414
5312
189
6490
6660
6215
5806
576
4257
7916
9522
944
216
7564
5675
3535
1011
6163
1079
5823
1665
7346
1663
1159
5264
1603
4795
2397
8304
9347
3749
2965
7549
1299
9754
7027
9158
9957
8736
6644
3668
8828
1562
6400
784
3794
4392
2176
4726
5047
852
8595
1669
1915
6046
4968
4228
4966
6455
8422
7453
2650
4638
6396
5517
5829
7240
8774
9670
5919
6889
4682
8546
9504
5879
2869
2057
3778
2836
2382
6765
8809
514
4985
4293
6987
8018
3185
8976
7478
4539
1935
6695
4849
160
6160
4001
3192
2172
4749
9147
1675
8620
9416
3201
537
3500
3354
2262
4603
5194
2448
3726
4006
8549
9878
3632
5869
3559
9126
9500
9094
6734
928
4256
7759
2344
4717
9190
5857
1456
3705
8025
9904
5060
9955
1664
1908
3935
7018
5221
1851
2450
8434
9844
5731
4023
1662
6242
1583
1104
7326
3820
7831
3976
1314
1288
7873
3659
7948
9724
821
1655
5019
9226
9047
146
1503
9929
2490
6791
8063
6383
2060
2146
183
9715
1023
8599
4987
4982
663
9587
5442
8559
4510
8555
6612
8926
7613
4002
6962
2007
4348
6145
9979
4542
6982
929
2350
4484
6683
9772
6894
1251
8725
1695
3868
7964
6064
5721
173
6979
2490
2192
1290
873
1430
1130
1090
6045
3966
9938
2795
951
9535
7237
2102
983
2494
908
922
5383
835
3272
83
8240
8362
8736
9390
507
3788
3980
7814
8196
9884
9533
8845
2981
920
9341
2976
6131
5884
7186
5240
119
9328
3107
901
8579
4628
577
6960
9547
1385
2084
1316
4236
4070
5181
3868
7324
6966
1823
6654
1655
8613
4391
9150
1515
213
5188
2927
5329
1323
4849
5505
9871
7065
7652
7615
3940
1165
713
400
3137
5386
572
7148
821
697
641
8251
4875
3562
213
2417
8887
4898
274
3290
7647
4125
3009
8636
3442
4464
7962
5895
771
3298
7551
3998
491
4871
7803
3047
9722
2615
1533
6405
351
6038
5372
5438
3708
8565
6331
1300
3255
1917
3548
6329
3532
4131
6813
1670
816
313
9489
5989
1360
1502
411
9916
4744
9851
2862
5431
888
4337
2949
4794
8633
7710
5111
5954
7465
1801
4539
913
5818
4684
837
8081
9308
8174
4147
6228
1590
5291
4952
8780
184
6529
8881
3201
2259
801
5343
3668
2619
7695
4376
2219
8015
896
7910
3746
6481
3019
8154
7683
4667
1140
5605
7481
4755
2225
6963
5955
5473
2607
8076
3471
8666
5176
4999
5335
9810
5844
6178
5277
2881
2208
6635
3981
1750
1815
1574
5059
8163
2546
7777
3562
9795
2329
815
5889
4273
2150
4110
3467
6075
4744
5714
8249
2717
6937
2971
4361
4858
7428
9829
3455
817
8956
2752
8644
2050
7568
4533
626
6880
716
9417
941
3421
1266
3055
3155
3272
1090
674
1779
8890
7102
1770
3071
2151
8250
9971
4791
6824
1720
3915
7253
7414
1772
6969
770
2828
2380
1085
3122
5687
7279
9747
3336
3850
6805
6451
1151
6661
3949
1764	